1000 1000
4073 8779
8730 8410
8463 6881
3523 6052
3296 6689
1331 9927
1343 7806
714 1067
8151 6490
4118 5207
991 3987
8917 6841
5808 5068
3269 7728
5194 3877
5460 8442
2246 8045
9281 9426
4006 336
5493 8751
2243 4459
778 6506
203 6599
520 1714
921 9645
8704 6242
3358 6142
4518 822
4092 5547
5254 2383
8933 6723
7934 6999
2789 8245
3283 3019
1748 3641
7276 2407
6780 7586
747 5041
5948 5597
8040 444
8683 9061
3652 602
2653 6516
3772 1172
6828 5042
7192 3610
3641 2107
5199 7297
8751 3139
5552 6025
3883 6656
5611 5854
4014 7672
2545 5318
5877 8912
5596 9128
3917 25
5571 3112
8736 3404
9683 3986
5620 3755
7636 8667
1741 4066
9653 8057
891 9393
3926 840
3371 144
9439 68
7888 4003
8221 8420
1845 2953
506 7770
5192 361
2943 953
1538 5535
6127 9183
1787 3256
5410 4215
7637 7068
9691 5812
344 9965
3719 6329
2601 672
9072 1346
7080 6792
3180 1476
6486 1607
4970 844
3119 3006
4776 1938
3512 9977
5054 9766
5770 2369
2287 8576
7917 1732
5772 7886
8937 4395
7646 7053
6886 3765
3857 6610
5764 91
7999 1968
596 1829
57 4708
1283 379
3387 9671
9560 360
1371 4681
1063 4091
4954 5385
6063 8118
7504 440
5303 6860
3403 9822
6216 8899
6504 2746
9424 1720
5625 2433
1897 4197
4580 2539
9121 5136
5399 9841
8721 3059
8085 132
7061 9662
290 3781
2481 744
7768 603
8115 5143
2103 1937
7740 6723
5314 6381
2336 3165
541 9932
4501 7137
5285 5858
4242 6090
8007 460
5587 9304
3985 24
4271 8676
705 964
8725 3150
2259 5282
3113 6050
1725 4614
4823 9623
7519 6785
2755 1883
5302 7508
1024 7937
3622 5180
6614 3061
3180 1244
9334 7557
5855 5477
1455 2513
1700 7158
331 3466
1330 1259
2395 5871
6581 7368
1679 4015
5691 8691
7535 2486
9617 7786
5037 1556
9923 2825
5636 9319
3288 4347
409 6473
3135 3027
7794 7377
9510 5821
3076 1489
3740 7939
5675 7401
1841 533
4330 4280
2569 4061
2622 9622
1592 7123
6958 4334
2306 6151
9625 8084
1429 9639
6009 5902
1622 7009
5566 5078
7576 8980
6221 99
4029 1121
1983 9433
3089 9617
6319 6209
4691 8370
1238 2218
3379 2187
3898 8914
9088 8244
9300 4661
6741 3040
4332 5582
7232 377
1469 9610
2551 4547
6215 1225
8055 415
3852 6556
6825 8956
2044 5160
1718 7284
49 9217
6919 1206
7938 9759
4063 1014
4082 4535
6920 6537
2980 1597
778 4285
380 3633
2403 1256
9289 6887
9838 274
6803 5115
2311 2655
4439 5245
5404 2667
4612 7508
3382 6571
2856 6158
4885 6314
5396 711
6689 560
8545 36
7298 8868
1477 6064
75 7137
7540 4969
8920 976
988 1602
847 1604
1576 1981
8913 9630
7450 9552
207 4288
9616 3071
6855 6151
3479 1845
1625 5486
3397 3491
4303 7793
6295 1204
8343 2801
3021 9176
8835 672
586 4720
8535 513
5506 4007
253 2677
9927 1942
5319 1894
2253 359
3267 2957
2472 7362
3953 4697
6073 8313
3096 284
4915 8198
268 7738
6932 9190
7806 10
6576 9072
9948 5252
2058 8695
9408 4576
6910 7930
890 5426
342 7740
7453 7043
1898 3258
2754 1805
7963 40
8425 3529
438 4605
8161 479
8008 1951
1417 5824
191 5155
6661 3509
4589 8144
7514 5913
5770 6708
9647 3216
5094 8573
4441 7467
6346 5267
8925 3065
5979 4546
1494 473
5402 7338
4777 5547
7507 3643
7858 5022
3976 6042
6136 1198
1547 6004
9924 5422
8585 2046
5362 2427
4267 5852
3682 9458
9235 2590
5246 3041
5292 4218
201 1374
7757 8956
341 8279
398 9436
1001 1777
5761 2101
9638 2079
9915 564
3276 2527
5507 1883
5060 9017
2156 560
4213 853
6119 199
3519 3483
2749 5317
750 5753
4505 9989
6514 5917
9074 8032
2655 6299
4839 6271
9276 452
6831 5960
8100 6740
8717 60
3424 4537
6326 729
6482 2846
4426 420
4868 4302
3823 7572
4450 5923
4773 7388
7947 5806
7639 4356
7000 2888
210 6829
4784 9574
9725 5775
9502 29
5633 6799
4746 8137
5596 8544
3240 9823
5683 1124
1696 3093
3081 5728
1313 5375
3594 6184
6725 6423
7343 7054
2989 3075
9633 4851
2984 5191
9692 6662
929 1387
2732 3633
887 7327
1972 9443
4247 346
5049 534
1767 4037
117 4412
540 9054
9565 889
8195 298
7948 8875
2175 8379
6779 2978
614 2431
908 2304
4738 1789
927 2699
10 5088
1243 4311
6240 7124
7830 855
4180 4482
8626 1771
9408 8820
2911 8643
6723 7645
6521 10000
9324 8754
8836 6380
350 913
156 6657
9241 6131
4428 6314
6361 9087
6725 6836
2750 5718
7806 183
1017 5333
7789 897
9911 8853
4932 4751
3975 9045
2360 2304
7850 1395
1044 8953
6614 9092
3851 2420
2459 5665
8810 4225
4682 5735
5004 9271
4511 5736
9245 9982
1945 5132
876 3824
2435 9692
426 6281
2594 2440
1688 8744
1001 3998
1895 3711
4637 4414
1293 1065
8349 7451
7080 3385
4521 6084
9548 4342
5417 2385
9761 4868
2323 7048
6385 286
9223 9091
4575 5905
3931 1579
6491 5093
6300 7625
3722 7914
7903 5409
3604 4381
3411 7289
9068 9864
6318 6491
8428 4641
1425 2587
9915 7108
1008 224
4277 9071
4503 3951
1595 9983
289 352
5470 3455
3074 6509
5628 920
2961 3750
4110 4950
5780 6766
8047 8054
133 2184
8957 7283
600 2983
8758 7992
2207 6441
6670 1510
2416 6809
8581 3080
703 2539
3826 3832
9087 4415
766 9172
6257 7363
6887 5048
9264 8541
9876 8737
7093 8978
5303 7523
7189 9428
6590 3139
8172 6506
9082 836
7441 5596
3470 2010
2089 214
2252 6217
776 2208
6952 8326
2136 8198
8880 1770
8787 9570
2830 540
7988 6296
2136 8218
5709 2963
5007 4383
9271 7540
1768 9883
9459 9520
7634 4802
1223 3394
1046 7612
8562 930
2056 5653
181 6865
1308 541
8099 5230
6724 2704
1551 6797
3074 7425
986 4547
2858 7856
2675 416
9545 2922
209 471
2743 9064
98 4855
6505 924
4481 8203
536 3991
4567 3796
4323 5068
8006 1717
356 2780
6646 5890
7975 5509
7758 2352
8095 2490
7406 8502
7541 6596
3321 8868
3381 1460
3727 726
2168 5426
8793 4176
6015 8918
3762 3308
3055 5577
2993 9590
8015 8844
4533 2660
4499 6214
4251 527
5144 8650
9686 8200
4895 2448
165 2089
4856 3115
6971 8880
5433 3682
1781 1655
9170 124
282 7918
7178 8846
54 7614
378 2271
3456 5189
4700 7258
8632 5278
2647 3898
1198 2321
1772 3845
209 7800
400 159
1888 3493
7184 1441
7379 6577
2895 7302
489 1959
7600 298
2396 1554
1093 5499
1480 7683
8389 7006
6954 9983
3985 9394
1722 1906
6303 8526
6287 9815
556 2806
1995 1052
2892 4678
6741 5450
6143 8790
544 1155
2415 6066
9040 280
2905 8419
8268 8322
3577 6414
7556 8936
7770 6405
8174 1179
6633 5520
6373 8988
8774 3473
9802 3047
4325 9603
8910 2199
3208 2398
2013 2758
1341 6506
6004 8607
5956 1577
2458 694
3393 1569
6206 6276
7572 4934
5674 3150
3328 6806
4125 9552
7134 8804
9007 3139
1552 2477
230 1615
5050 5894
5070 7894
4874 8231
1811 6266
1064 2834
4726 8198
7709 6084
271 339
687 4660
1073 870
9236 7265
813 6003
551 1519
7877 5180
4476 9977
650 1136
2646 6449
9137 6169
8002 5087
340 6041
594 1488
2989 1480
8385 6502
5987 5281
5752 6120
6506 3977
7216 4147
2362 5547
8111 6153
2987 4981
2265 9052
9454 3993
1697 5938
9065 1472
5914 9407
4714 6512
8776 3987
648 536
3918 7737
1455 7865
2484 3430
1136 1762
5989 958
7455 9240
1203 50
7545 1981
5295 3541
3699 6542
632 2949
673 1925
783 1363
247 4559
5511 1242
4585 6633
3193 8517
805 277
1739 4258
559 7532
6784 8499
4275 443
1905 3027
9890 4908
9659 3759
2394 9460
2087 7292
4644 9571
9786 2710
2749 9877
5678 6752
9073 775
8572 5036
4070 46
886 4726
459 3730
2453 4239
3619 1410
8380 6573
3868 6151
1129 3305
2589 9806
8147 1643
8948 6121
9220 1059
1649 9362
5803 2002
4620 2531
5837 2716
2179 9718
1492 5122
4765 9226
3641 3082
7975 2980
8595 4230
3194 2775
5169 5292
3088 3265
2293 9072
4245 7705
2119 6671
9684 9386
9657 962
5854 340
711 5106
2211 5514
8604 459
5240 8790
1747 6389
6656 3658
8998 9386
6048 8248
9421 6879
2172 4903
8226 9831
1996 2590
5763 7802
6090 3966
6917 8487
6804 4372
3376 2588
4351 3982
3107 4021
2000 5197
4414 3064
9951 9436
8452 3866
424 3321
4921 228
871 39
8936 4079
9942 3606
5978 3400
6017 8406
8135 5453
6100 9738
6217 7107
4822 4327
7101 3163
4963 2427
5062 6968
7134 6231
5080 2777
6120 8520
8989 4688
7423 750
3275 7808
7773 6797
6987 372
4888 5586
9563 6777
6547 3329
1117 3387
2220 1326
6699 2935
3919 4494
4020 3118
7510 3154
5670 3195
4309 5797
4043 6943
9902 3743
5626 915
7411 1119
2505 9662
1065 1159
4010 62
737 1676
3559 6316
6855 9422
2623 3587
8898 2527
8343 4331
4992 3547
849 2193
6930 8406
6278 7175
1099 6531
1189 5331
2101 1171
5154 854
436 7339
258 4130
4052 1282
8744 8282
8383 1781
6368 7722
6388 8721
6582 4584
541 1306
4846 932
3832 2993
146 2136
5744 7346
8467 1564
5805 1736
6901 1183
4341 6623
1423 9091
7899 1136
1514 8120
6651 3943
8897 2438
595 4831
6675 3147
2057 7755
2096 2166
8818 4707
4325 4942
2099 2560
9905 3338
7286 5507
8559 1368
2625 8655
3153 1607
9721 5686
4799 5771
5458 4727
8630 6833
3146 6421
1724 1798
6839 7688
5249 2576
5008 2358
4020 5478
2808 7691
3984 3881
3954 4420
5485 7985
8540 5549
6009 1879
2498 8450
5956 8070
9145 9746
9826 8441
9314 8777
9876 5907
1073 3491
332 7997
4245 1205
5841 5640
1045 2814
6000 9006
3430 9617
8750 4235
2621 8363
9585 8325
7890 455
2587 6920
7329 6809
3186 4389
9676 2070
5760 478
4882 6564
1654 5663
5558 3192
8909 9262
7295 9535
6356 3252
9354 6283
7950 3464
3350 112
3893 5845
3500 2873
5 3998
5721 5377
4169 4750
5972 858
4664 8697
2503 9628
389 4653
7206 422
3251 9619
3320 4088
1799 6620
3756 7929
390 9067
1992 1056
7927 3743
8727 8365
5175 3039
6745 2135
3310 5810
4733 8181
3244 1110
1290 1967
5923 6616
8678 6533
7724 3255
9753 7319
6826 1159
981 3007
8104 3565
3530 4572
3044 7439
4944 7585
4801 3805
4473 7220
2955 7954
5055 8606
1156 5551
1671 5273
3374 1325
7008 5322
7965 4907
2086 4040
7054 9688
2335 8753
3564 2890
6506 7407
9951 223
7628 12
8869 9014
6933 7494
6917 3313
4988 8456
2683 1830
3498 548
4105 6815
8794 7161
5298 5296
6353 2329
9653 9276
7447 7577
4249 9204
2825 2009
4812 3217
6878 7452
8568 1939
4582 5819
3394 6534
7601 3217
5022 4061
2347 9683
3060 5185
7847 6389
4785 2228
2787 1857
2412 8841
5234 6476
9566 2381
7439 1190
2563 4688
1228 5059
1242 4776
5841 9795
27 6996
8913 391
484 402
4036 2093
5125 7944
396 5086
826 5748
3400 2985
152 6407
4118 8005
6948 6144
8512 4864
5311 804
3945 1947
5228 1536
2657 6040
8622 6930
8442 2945
2580 2044
2827 6250
8994 1327
5060 3262
213 8639
3274 881
9281 9566
55 8518
4415 505
6092 6643
4908 9911
5775 1190
7835 892
2281 1748
